RESISTANCE
Layer W b
1 5.4200287 0.20598161
2 3.5714152 0.00027022895
3 3.5713358 0.0021701236
4 1.4999949 0.00014143292
5 1.4999939 0.00017250089
6 1.4999994 1.6134927e-05
7 0.18749948 1.2426145e-05
8 0.18749985 2.4594106e-06
9 0.03750003 2.0116559e-07
10 0.03749982 5.0119907e-06
END

CAPACITANCE
Layer W b
1 8.1794e-05 7.2231987e-06
2 9.2704e-05 2.2701302e-06
3 8.8711e-05 1.4955114e-06
4 0.00011007 2.3624277e-06
5 8.8299e-05 1.942948e-05
6 8.2829e-05 1.7478053e-06
7 0.00012295 6.7031564e-05
8 8.8025e-05 -0.00024638043
9 0.000118145 0.00016460706
10 7.1656e-05 -0.00020219368
END

VIA CAP
Layer 1_Cut
1 1.9338e-05
2 1.8263e-05
3 1.5967e-05
4 1.5309e-05
5 1.3328e-05
6 3.2884e-05
7 4.526e-05
8 6.612e-05
9 7.288e-05
END

VIA RES
Layer 1_Cut
1 5.000000
2 5.000000
3 5.000000
4 3.000000
5 3.000000
6 3.000000
7 1.000000
8 1.000000
9 0.500000
END
